9.932542569750138739e+01
6.478294735471159527e+01
6.392794317813834937e+01
9.137093411637411577e+01
1.246295117845529745e+02
1.316813880789297571e+02
1.449126892944964879e+02
1.011480743383002334e+02
1.129963325270516776e+02
1.167462063039429978e+02
1.254482745143423443e+02
1.289328285953000091e+02
1.314360784564728135e+02
1.332010321982681376e+02
1.455749022307138318e+02
1.381987524345408360e+02
1.586311859641637909e+02
1.659589981642334635e+02
1.892478043109135228e+02
1.995092237503030219e+02
2.000000019962812416e+02
1.549001286865949965e+02
1.572670387677196402e+02
1.712471056522695676e+02
1.690693385393392418e+02
1.815908983351576751e+02
1.862383357927173222e+02
1.866766527790240673e+02
1.339154900821504270e+02
1.330392816821384372e+02
1.443978312188432085e+02
1.513313908852430814e+02
1.669849898993645922e+02
1.719252993252524107e+02
1.741161107930626883e+02
1.339154900821504270e+02
1.330392816821384372e+02
1.443978312188432085e+02
1.513313908852430814e+02
1.669849898993645922e+02
1.719252993252524107e+02
1.741161107930626883e+02
1.339154900821504270e+02
1.330392816821384372e+02
1.443978312188432085e+02
1.513313908852430814e+02
1.669849898993645922e+02
1.719252993252524107e+02
1.741161107930626883e+02
