7.700000000000000000e+01
8.600000000000000000e+01
9.300000000000000000e+01
1.050000000000000000e+02
1.150000000000000000e+02
1.160000000000000000e+02
1.250000000000000000e+02
1.280000000000000000e+02
1.380000000000000000e+02
1.450000000000000000e+02
1.590000000000000000e+02
1.590000000000000000e+02
1.690000000000000000e+02
1.700000000000000000e+02
1.660000000000000000e+02
1.660000000000000000e+02
1.690000000000000000e+02
1.680000000000000000e+02
1.680000000000000000e+02
1.730000000000000000e+02
1.700000000000000000e+02
1.630000000000000000e+02
1.580000000000000000e+02
1.520000000000000000e+02
1.470000000000000000e+02
1.450000000000000000e+02
1.400000000000000000e+02
1.400000000000000000e+02
1.410000000000000000e+02
1.380000000000000000e+02
1.340000000000000000e+02
1.320000000000000000e+02
1.330000000000000000e+02
1.240000000000000000e+02
1.200000000000000000e+02
1.170000000000000000e+02
1.210000000000000000e+02
1.160000000000000000e+02
1.160000000000000000e+02
1.130000000000000000e+02
1.060000000000000000e+02
1.080000000000000000e+02
1.090000000000000000e+02
1.130000000000000000e+02
1.130000000000000000e+02
1.130000000000000000e+02
1.090000000000000000e+02
1.070000000000000000e+02
1.110000000000000000e+02
